<?xml version="1.0"?>
<opencv_storage>
<homography type_id="opencv-matrix">
  <rows>3</rows>
  <cols>3</cols>
  <dt>d</dt>
  <data>
    1.0417    0.0476  432.1706
    0.0376    0.9991  495.7556
    0.0001    0.0000    1.0000</data></homography>
</opencv_storage>
