<?xml version="1.0"?>
<opencv_storage>
<homography type_id="opencv-matrix">
  <rows>3</rows>
  <cols>3</cols>
  <dt>d</dt>
  <data>
1.03964130942262	0.273743834815750	401.451275824599
-0.0824387629553849	1.10619751028548	147.694908570479
3.54379718671448e-05	0.000157023655407338	1
	</data></homography>
</opencv_storage>
