<?xml version="1.0"?>
<opencv_storage>
<homography type_id="opencv-matrix">
  <rows>3</rows>
  <cols>3</cols>
  <dt>d</dt>
  <data>
		1.62903674470525    0.0196539359984681   -24.9950568608462
		-0.0199505141609169 1.68931108162138      -22.3089923876413
		0  0     1	
	</data></homography>
</opencv_storage>
