<?xml version="1.0"?>
<opencv_storage>
<homography type_id="opencv-matrix">
  <rows>3</rows>
  <cols>3</cols>
  <dt>d</dt>
  <data>
	0.985005272036014  -0.0464656974768381  -420.419325278205
	0.0396002857686714 0.995268385569709    -29.2278006624539
	0   0  1
	</data></homography>
</opencv_storage>
